100
022872683013992997167227084556707087535190030257501629935243032448792091878317586052284640716833771
022872683013992997167227084556707087535190030257501629935243032448792091878317586052284640716833771
349319078491908990938452498818849371121136150936444916693660542535775425972033144116498226057356821
022872683013992997167227084556707087535190030257501629935243032448792091878317586052284640716833771
022872683013992997167227084556707087535190030257501629935243032448792091878317586052284640716833771
022872683013992997167227084556707087535190030257501629935243032448792091878317586052284640716833771
349319078491908990938452498818849371121136150936444916693660542535775425972033144116498226057356821
573172653116412360659798915647426204984042198845000228703418801954811470318630287146887963488645713
335022396088827191295778329477114333627626868598750446358267229543899681988508411854962285934874402
573172653116412360659798915647426204984042198845000228703418801954811470318630287146887963488645713
022872683013992997167227084556707087535190030257501629935243032448792091878317586052284640716833771
335022396088827191295778329477114333627626868598750446358267229543899681988508411854962285934874402
335022396088827191295778329477114333627626868598750446358267229543899681988508411854962285934874402
335022396088827191295778329477114333627626868598750446358267229543899681988508411854962285934874402
573172653116412360659798915647426204984042198845000228703418801954811470318630287146887963488645713
022872683013992997167227084556707087535190030257501629935243032448792091878317586052284640716833771
335022396088827191295778329477114333627626868598750446358267229543899681988508411854962285934874402
022872683013992997167227084556707087535190030257501629935243032448792091878317586052284640716833771
022872683013992997167227084556707087535190030257501629935243032448792091878317586052284640716833771
022872683013992997167227084556707087535190030257501629935243032448792091878317586052284640716833771
335022396088827191295778329477114333627626868598750446358267229543899681988508411854962285934874402
022872683013992997167227084556707087535190030257501629935243032448792091878317586052284640716833771
699870476596305854522344722070512821014669079201614165976329485928195822758986553954755233791016365
022872683013992997167227084556707087535190030257501629935243032448792091878317586052284640716833771
022872683013992997167227084556707087535190030257501629935243032448792091878317586052284640716833771
022872683013992997167227084556707087535190030257501629935243032448792091878317586052284640716833771
210197342898003633399663896666433230663512683195790403949036825660969782196905709573996908284593760
699870476596305854522344722070512821014669079201614165976329485928195822758986553954755233791016365
022872683013992997167227084556707087535190030257501629935243032448792091878317586052284640716833771
022872683013992997167227084556707087535190030257501629935243032448792091878317586052284640716833771
022872683013992997167227084556707087535190030257501629935243032448792091878317586052284640716833771
335022396088827191295778329477114333627626868598750446358267229543899681988508411854962285934874402
022872683013992997167227084556707087535190030257501629935243032448792091878317586052284640716833771
022872683013992997167227084556707087535190030257501629935243032448792091878317586052284640716833771
022872683013992997167227084556707087535190030257501629935243032448792091878317586052284640716833771
335022396088827191295778329477114333627626868598750446358267229543899681988508411854962285934874402
022872683013992997167227084556707087535190030257501629935243032448792091878317586052284640716833771
022872683013992997167227084556707087535190030257501629935243032448792091878317586052284640716833771
022872683013992997167227084556707087535190030257501629935243032448792091878317586052284640716833771
573172653116412360659798915647426204984042198845000228703418801954811470318630287146887963488645713
335022396088827191295778329477114333627626868598750446358267229543899681988508411854962285934874402
022872683013992997167227084556707087535190030257501629935243032448792091878317586052284640716833771
022872683013992997167227084556707087535190030257501629935243032448792091878317586052284640716833771
022872683013992997167227084556707087535190030257501629935243032448792091878317586052284640716833771
022872683013992997167227084556707087535190030257501629935243032448792091878317586052284640716833771
881482394478990815928360695534285753392675225420720527735215183363625074171688444087674680255927391
881482394478990815928360695534285753392675225420720527735215183363625074171688444087674680255927391
022872683013992997167227084556707087535190030257501629935243032448792091878317586052284640716833771
573172653116412360659798915647426204984042198845000228703418801954811470318630287146887963488645713
573172653116412360659798915647426204984042198845000228703418801954811470318630287146887963488645713
022872683013992997167227084556707087535190030257501629935243032448792091878317586052284640716833771
022872683013992997167227084556707087535190030257501629935243032448792091878317586052284640716833771
573172653116412360659798915647426204984042198845000228703418801954811470318630287146887963488645713
335022396088827191295778329477114333627626868598750446358267229543899681988508411854962285934874402
006527263332990357587988161460727740868599628447056996016421703444764581788061518043597797370134948
022872683013992997167227084556707087535190030257501629935243032448792091878317586052284640716833771
335022396088827191295778329477114333627626868598750446358267229543899681988508411854962285934874402
022872683013992997167227084556707087535190030257501629935243032448792091878317586052284640716833771
022872683013992997167227084556707087535190030257501629935243032448792091878317586052284640716833771
022872683013992997167227084556707087535190030257501629935243032448792091878317586052284640716833771
022872683013992997167227084556707087535190030257501629935243032448792091878317586052284640716833771
881482394478990815928360695534285753392675225420720527735215183363625074171688444087674680255927391
335022396088827191295778329477114333627626868598750446358267229543899681988508411854962285934874402
022872683013992997167227084556707087535190030257501629935243032448792091878317586052284640716833771
022872683013992997167227084556707087535190030257501629935243032448792091878317586052284640716833771
335022396088827191295778329477114333627626868598750446358267229543899681988508411854962285934874402
022872683013992997167227084556707087535190030257501629935243032448792091878317586052284640716833771
022872683013992997167227084556707087535190030257501629935243032448792091878317586052284640716833771
022872683013992997167227084556707087535190030257501629935243032448792091878317586052284640716833771
022872683013992997167227084556707087535190030257501629935243032448792091878317586052284640716833771
573172653116412360659798915647426204984042198845000228703418801954811470318630287146887963488645713
335022396088827191295778329477114333627626868598750446358267229543899681988508411854962285934874402
022872683013992997167227084556707087535190030257501629935243032448792091878317586052284640716833771
022872683013992997167227084556707087535190030257501629935243032448792091878317586052284640716833771
881482394478990815928360695534285753392675225420720527735215183363625074171688444087674680255927391
022872683013992997167227084556707087535190030257501629935243032448792091878317586052284640716833771
335022396088827191295778329477114333627626868598750446358267229543899681988508411854962285934874402
552475632929763273766813227573091614308579590338913216401617710742837676567047302903398391391164538
022872683013992997167227084556707087535190030257501629935243032448792091878317586052284640716833771
349319078491908990938452498818849371121136150936444916693660542535775425972033144116498226057356821
022872683013992997167227084556707087535190030257501629935243032448792091878317586052284640716833771
022872683013992997167227084556707087535190030257501629935243032448792091878317586052284640716833771
881482394478990815928360695534285753392675225420720527735215183363625074171688444087674680255927391
335022396088827191295778329477114333627626868598750446358267229543899681988508411854962285934874402
022872683013992997167227084556707087535190030257501629935243032448792091878317586052284640716833771
022872683013992997167227084556707087535190030257501629935243032448792091878317586052284640716833771
278875983778342871006279485398308538736160622363412788757194151649109766141177852217903993615690501
022872683013992997167227084556707087535190030257501629935243032448792091878317586052284640716833771
022872683013992997167227084556707087535190030257501629935243032448792091878317586052284640716833771
022872683013992997167227084556707087535190030257501629935243032448792091878317586052284640716833771
022872683013992997167227084556707087535190030257501629935243032448792091878317586052284640716833771
022872683013992997167227084556707087535190030257501629935243032448792091878317586052284640716833771
335022396088827191295778329477114333627626868598750446358267229543899681988508411854962285934874402
022872683013992997167227084556707087535190030257501629935243032448792091878317586052284640716833771
022872683013992997167227084556707087535190030257501629935243032448792091878317586052284640716833771
022872683013992997167227084556707087535190030257501629935243032448792091878317586052284640716833771
022872683013992997167227084556707087535190030257501629935243032448792091878317586052284640716833771
022872683013992997167227084556707087535190030257501629935243032448792091878317586052284640716833771
022872683013992997167227084556707087535190030257501629935243032448792091878317586052284640716833771
022872683013992997167227084556707087535190030257501629935243032448792091878317586052284640716833771
